Item
+886 3 377 9919
+886 3 385 9959
+886 974 521 888
+886 979 519 161
+886 958 601 866
+886 4 3001 2624
+886 2 8245 2496
+886 2 8245 2575
+886 912 345 678
+886 2 2234 5678
+886 6 0615 0621
+886 4 2451 0201
+886 2 2653 5588
+886 2 2788 5008
+886 2 2690 3064
+886 2 7753 5369
+886 80 418 0425
+886 6 221 1105
+886 80 909 0650
+886 5 553 4085
+886 2 2578 9488
+886 2 8512 7517
+886 4 9051 5305
+886 2 4952 1382
+30 2284 028576
+30 694 414 6597
+886 2 2500 6600
+886 2 2361 7511
+886 5 373 5373
+886 2 2370 2793
+886 2 2312 3437
+886 2 2389 8506
+886 2 733 7123
+886 20 2 0206
+886 2 2999 2609
+886 2 2732 5995
+886 3 385 9958
+886 6 385 7596
+886 6 0811 2724
+886 5 454 4246
+886 7 380 0922
+886 5 411 5635
+886 911 123 789
+886 4 123 4567
+886 2 7709 1699
+886 3 377 9619
+98 34 9835
+98 81 9882
+63 2 36325
+247 42475
+672 3 26727
+676 26-763
+677 26777
+682 76 829
+685 56856
+688 26 883
+247 62481
+27 27 955 1455
+886 2 2579 5298
+32 51 18 83 41
+886 2 753 7115
+886 3 964 1127
+886 4 3012 9575
+886 2 6337 1394
+886 2 6355 8039
+886 4 301 8316
+886 20 083 4455
+886 4 1200 9532
+886 5 566 4431
+886 2 8281 4545
+886 2 6292 4545
+886 5 525 5555
+886 20 2 0205
+886 80 120 4819
+886 6 1044 1767
+886 8 775 1004
+886 2 6917 5773
+886 2 2853 1828
+886 50 970 6715
+886 6 073 0039
+886 2 7189 7646
+886 3 624 9568
+886 4 2028 3694
+886 4 0411 5941
+886 4 120 4250
+886 8 761 4326
+852 2860 0333
+886 5 257 6119
+886 2 7713 4673
+886 2 8791 4607
+886 957 974 031
+886 2 2782 1100
+886 2 2579 0298
+886 3 332 5632
+886 4 041 0414
+44 1436 850500
+886 2 8773 6861#209
+886 4 2239 6211
+886 6 205 5300
+886 4 2359 6199
+886 4 835 3575
+886 4 2335 8527
+1 800-404-2284
+1 888-345-6478
+1 800-538-3373
+886 3 564 7181
+886 5 719 5745
+886 5 856 7294
+82 2-6003-7658
+82 51-509-1111
+886 3 7032 3325
+44 20 7600 3500
+44 20 7600 7776
+44 20 7248 5855
+44 871 984 6534
+44 20 7262 4521
+44 20 7379 4737
+44 871 984 6256
+44 20 7637 2488
+44 20 7523 5063
+44 20 7402 4141
+44 871 984 6245
+44 20 3146 1790
+44 333 400 6120
+886 80 165 1818
+44 844 854 5290
+44 20 3002 4300
+44 20 3988 7480
+44 20 7523 5052
+44 20 3687 2480
+44 20 4512 9900
+44 20 7722 7722
+44 20 7368 4023
+44 20 8753 0800
+44 20 7837 8844
+44 20 3906 1600
+44 800 330 8397
+44 20 3744 7525
+886 80 149 1523
+44 333 400 6132
+44 333 400 6112
+44 20 3697 3697
+44 871 984 6298
+44 330 128 1341
+44 20 7745 1200
+44 871 984 6593
+34 871 96 62 96
+44 871 984 6272
+44 871 984 6333
+44 20 7837 9140
+44 20 7483 8470
+44 20 7313 7900
+44 20 8452 4175
+44 333 234 6605
+44 20 7234 8000
+44 20 7523 5062
+44 20 3873 4000
+44 20 7637 1001
+44 20 7074 1000
+44 20 8463 6868
+44 20 7373 6000
+44 20 7523 5055
+44 20 7589 6300
+44 20 7836 4343
+44 20 3747 1000
+44 20 3540 8800
+44 20 7347 1000
+44 20 7839 9333
+44 20 7734 8000
+44 20 3146 7980
+44 20 7660 0677
+44 20 7723 3434
+44 20 3972 1800
+44 20 7373 6030
+44 20 8318 4321
+44 20 3637 7401
+44 20 7666 9000
+33 6 08 97 93 08
